9d e3 bf 50
2f 00 04 06
40 00 00 20
ae 15 e2 a0
03 00 00 00
82 18 60 08
c2 5d c0 01
80 a0 60 00
02 80 00 04
01 00 00 00
40 04 07 20
01 00 00 00
40 00 00 91
01 00 00 00
40 00 01 c4
01 00 00 00
81 c7 e0 08
81 e8 00 00
bc 10 00 00
9c 23 a0 30
d2 5b a8 af
94 03 a8 b7
11 00 04 02
17 00 04 03
19 00 04 03
90 12 20 fc
96 12 e0 00
98 13 20 80
9a 10 00 01
40 04 07 25
01 00 00 00
00 00 00 00
01 00 00 00
01 00 00 00
81 c3 e0 08
ae 03 c0 17
30 68 00 06
01 00 00 00
01 00 00 00
01 00 00 00
01 00 00 00
01 00 00 00
9d e3 bf 50
05 00 08 08
03 00 00 00
11 00 00 00
82 10 60 00
90 12 20 00
83 28 70 20
91 2a 30 20
82 00 40 02
05 00 08 08
82 10 62 f0
90 02 00 02
82 00 60 07
90 12 22 f0
82 20 40 08
80 a0 60 0e
08 60 00 0b
03 00 00 00
05 00 00 00
82 10 60 00
83 28 70 20
82 00 40 02
82 10 60 00
02 c0 40 04
01 00 00 00
9f c0 40 00
01 00 00 00
81 cf e0 08
01 00 00 00
9d e3 bf 50
05 00 08 08
03 00 00 00
11 00 00 00
82 10 60 00
90 12 20 00
83 28 70 20
91 2a 30 20
82 00 40 02
05 00 08 08
82 10 62 f0
90 02 00 02
90 12 22 f0
82 20 40 08
83 38 70 03
93 30 70 3f
92 02 40 01
93 3a 70 01
02 c2 40 0b
03 00 00 00
05 00 00 00
82 10 60 00
83 28 70 20
82 00 40 02
82 10 60 00
02 c0 40 04
01 00 00 00
9f c0 40 00
01 00 00 00
81 cf e0 08
01 00 00 00
9d e3 bf 50
37 00 00 00
35 00 08 08
82 16 e0 00
83 28 70 20
82 00 40 1a
c2 08 62 f0
80 a0 60 00
12 40 00 2a
03 00 08 08
05 00 08 07
39 00 00 00
b8 17 20 00
b9 2f 30 20
b8 07 00 02
3b 00 00 00
84 17 22 40
ba 17 60 00
39 00 00 00
bb 2f 70 20
b8 17 20 00
ba 07 40 01
b9 2f 30 20
c2 5f 62 f8
07 00 08 07
ba 17 62 f8
b8 07 00 03
b2 17 22 38
b8 17 22 38
b8 20 80 1c
b9 3f 30 03
b8 07 3f ff
80 a0 40 1c
1a 60 00 0b
82 00 60 01
85 28 70 03
c2 77 40 00
c2 5e 40 02
9f c0 40 00
01 00 00 00
c2 5f 40 00
80 a0 40 1c
0a 6f ff f9
82 00 60 01
7f ff ff 98
b6 16 e0 00
82 10 20 01
b7 2e f0 20
b4 06 c0 1a
c2 2e a2 f0
81 cf e0 08
01 00 00 00
9d e3 bf 50
81 cf e0 08
01 00 00 00
9d e3 bf 50
11 00 00 00
05 00 08 07
90 12 20 00
91 2a 30 20
90 02 00 02
90 12 22 48
c2 5a 00 00
0a c0 40 04
03 00 00 00
10 6f ff a0
81 e8 00 00
82 10 60 00
85 28 70 20
03 00 00 00
82 00 80 01
82 10 60 00
02 f0 7f f9
01 00 00 00
9f c0 40 00
01 00 00 00
10 6f ff 95
81 e8 00 00
9d e3 bf 50
81 cf e0 08
01 00 00 00
9d e3 bf 40
f0 77 a8 7f
c2 5f a8 7f
c2 77 a7 f7
10 68 00 0c
01 00 00 00
c2 5f a7 f7
84 00 60 01
c4 77 a7 f7
c2 08 40 00
83 28 60 18
83 38 60 18
83 38 60 00
90 10 00 01
40 04 06 85
01 00 00 00
c2 5f a7 f7
c2 08 40 00
83 28 60 18
83 38 60 18
80 a0 60 00
12 4f ff f1
01 00 00 00
90 10 20 0a
40 04 06 7b
01 00 00 00
01 00 00 00
81 cf e0 08
01 00 00 00
9d e3 bf 40
f0 77 a8 7f
c2 5f a8 7f
c2 77 a7 f7
10 68 00 0a
01 00 00 00
c2 5f a7 f7
c2 58 40 00
90 10 00 01
7f ff ff da
01 00 00 00
c2 5f a7 f7
82 00 60 08
c2 77 a7 f7
c2 5f a7 f7
c2 58 40 00
0a f8 7f f6
01 00 00 00
01 00 00 00
81 cf e0 08
01 00 00 00
9d e3 bf 10
82 10 00 18
f2 77 a8 87
c2 27 a8 7f
82 10 00 0e
b0 10 00 01
82 10 20 08
c2 27 a7 f3
f2 07 a8 7f
c2 07 a7 f3
82 06 40 01
82 00 60 01
c2 27 a7 ef
c2 07 a7 ef
83 38 60 00
82 00 7f ff
c2 77 a7 e7
c2 07 a7 ef
83 38 60 00
b6 10 00 01
b4 10 20 00
83 36 f0 3a
89 2e b0 06
88 10 40 04
8b 2e f0 06
c2 07 a7 ef
83 38 60 00
ba 10 00 01
b8 10 20 00
83 37 70 3a
85 2f 30 06
84 10 40 02
87 2f 70 06
c2 07 a7 ef
83 38 60 00
83 28 70 03
82 00 60 07
82 00 60 0f
83 30 70 04
83 28 70 04
9c 23 80 01
82 03 a8 af
82 00 60 07
83 30 70 03
83 28 70 03
c2 77 a7 df
c0 27 a7 fb
10 68 00 25
01 00 00 00
c2 07 a7 fb
83 38 60 00
83 28 70 03
c4 5f a8 87
82 00 80 01
c2 58 40 00
90 10 00 01
40 04 06 19
01 00 00 00
82 10 00 08
82 00 60 01
90 10 00 01
40 04 05 fc
01 00 00 00
82 10 00 08
86 10 00 01
c2 07 a7 fb
83 38 60 00
83 28 70 03
c4 5f a8 87
82 00 80 01
c2 58 40 00
92 10 00 01
90 10 00 03
40 04 05 e8
01 00 00 00
86 10 00 08
c4 5f a7 df
c2 07 a7 fb
83 38 60 00
83 28 70 03
c6 70 80 01
c2 07 a7 fb
82 00 60 01
c2 27 a7 fb
c4 07 a7 fb
c2 07 a8 7f
80 a0 80 01
06 4f ff da
01 00 00 00
c0 27 a7 f7
10 68 00 39
01 00 00 00
03 00 08 08
84 10 62 b0
c2 07 a7 f7
83 38 60 00
83 28 70 03
c2 58 80 01
92 10 20 20
90 10 00 01
40 04 05 e5
01 00 00 00
82 10 00 08
82 00 60 01
c2 77 a7 d7
92 10 20 20
d0 5f a7 d7
40 04 05 de
01 00 00 00
d0 77 a7 cf
c4 5f a7 cf
c2 5f a7 d7
82 20 80 01
82 00 60 01
c2 27 a7 cb
c2 07 a7 cb
83 38 60 00
90 10 00 01
40 04 05 c3
01 00 00 00
82 10 00 08
c2 77 a7 bf
c2 07 a7 cb
83 38 60 00
94 10 00 01
d2 5f a7 d7
d0 5f a7 bf
40 04 05 a2
01 00 00 00
c2 07 a7 cb
83 38 60 00
82 00 7f ff
c4 5f a7 bf
82 00 80 01
c0 28 40 00
c4 5f a7 df
c2 07 a7 fb
83 38 60 00
83 28 70 03
c6 5f a7 bf
c6 70 80 01
c2 07 a7 f7
82 00 60 01
c2 27 a7 f7
c2 07 a7 fb
82 00 60 01
c2 27 a7 fb
c4 07 a7 f7
c2 07 a7 f3
80 a0 80 01
06 4f ff c6
01 00 00 00
c2 07 a7 ef
82 00 7f ff
c4 5f a7 df
83 38 60 00
83 28 70 03
c0 70 80 01
c2 5f a7 df
90 10 00 01
7f ff ff 4b
01 00 00 00
c0 27 a7 fb
10 68 00 0d
01 00 00 00
c4 5f a7 df
c2 07 a7 fb
83 38 60 00
83 28 70 03
c2 58 80 01
90 10 00 01
40 04 05 7e
01 00 00 00
c2 07 a7 fb
82 00 60 01
c2 27 a7 fb
c4 07 a7 fb
c2 07 a7 ef
80 a0 80 01
06 4f ff f2
01 00 00 00
82 10 20 00
9c 10 00 18
83 38 60 00
b0 10 00 01
81 cf e0 08
01 00 00 00
01 00 00 00
01 00 00 00
01 00 00 00
01 00 00 00
01 00 00 00
01 00 00 00
9d e3 bf 50
2f 00 04 04
7f ff fe 76
ae 05 e3 f8
7f ff fe 52
37 00 00 00
03 00 00 00
82 18 7e 28
b6 1e fe 28
b6 05 c0 1b
82 05 c0 01
ba 10 00 1b
82 20 40 1b
b7 38 70 03
02 c6 c0 0b
b8 10 20 00
c2 5f 40 00
94 10 00 1a
92 10 00 19
90 10 00 18
9f c0 40 00
b8 07 20 01
80 a7 00 1b
12 6f ff f9
ba 07 60 08
81 cf e0 08
01 00 00 00
30 68 00 05
01 00 00 00
01 00 00 00
01 00 00 00
01 00 00 00
81 c3 e0 08
01 00 00 00
30 68 00 06
01 00 00 00
01 00 00 00
01 00 00 00
01 00 00 00
01 00 00 00
9d e3 bf 50
03 00 00 00
05 00 08 07
82 10 60 00
83 28 70 20
82 00 40 02
ba 10 62 30
c2 58 62 28
80 a0 7f ff
02 60 00 08
ba 07 7f f8
9f c0 40 00
ba 07 7f f8
c2 5f 40 00
80 a0 7f ff
12 6f ff fc
01 00 00 00
81 cf e0 08
01 00 00 00
9d e3 bf 50
81 cf e0 08
01 00 00 00
9d e3 bf 50
7f ff fe 7d
01 00 00 00
81 c7 e0 08
81 e8 00 00
03 00 00 80
30 6f ff e7
01 00 00 00
01 00 00 00
01 00 00 00
01 00 00 00
01 00 00 00
01 00 00 00
03 00 00 a0
30 6f ff df
01 00 00 00
01 00 00 00
01 00 00 00
01 00 00 00
01 00 00 00
01 00 00 00
03 00 00 c0
30 6f ff d7
01 00 00 00
01 00 00 00
01 00 00 00
01 00 00 00
01 00 00 00
01 00 00 00
03 00 00 e0
30 6f ff cf
01 00 00 00
01 00 00 00
01 00 00 00
01 00 00 00
01 00 00 00
01 00 00 00
03 00 01 00
30 6f ff c7
01 00 00 00
01 00 00 00
01 00 00 00
01 00 00 00
01 00 00 00
01 00 00 00
03 00 01 20
30 6f ff bf
01 00 00 00
01 00 00 00
01 00 00 00
01 00 00 00
01 00 00 00
01 00 00 00
03 00 01 40
30 6f ff b7
01 00 00 00
01 00 00 00
01 00 00 00
01 00 00 00
01 00 00 00
01 00 00 00
03 00 01 60
30 6f ff af
01 00 00 00
01 00 00 00
01 00 00 00
01 00 00 00
01 00 00 00
01 00 00 00
03 00 01 80
30 6f ff a7
01 00 00 00
01 00 00 00
01 00 00 00
01 00 00 00
01 00 00 00
01 00 00 00
